"Bin"	"SNPs_kb"
19000	2
20000	0
21000	0
22000	1
23000	0
24000	0
25000	0
26000	0
27000	0
28000	0
29000	0
30000	0
31000	0
32000	0
33000	0
34000	0
35000	0
36000	0
37000	0
38000	0
39000	0
40000	0
41000	0
42000	0
43000	0
44000	0
45000	0
46000	0
47000	0
48000	0
49000	0
50000	0
51000	0
52000	0
53000	0
54000	0
55000	0
56000	0
57000	0
58000	0
59000	0
60000	0
61000	0
62000	0
63000	0
64000	0
65000	0
66000	0
67000	0
68000	0
69000	0
70000	0
71000	0
72000	0
73000	1
74000	0
75000	0
76000	0
77000	0
78000	0
79000	0
80000	0
81000	0
82000	1
83000	0
84000	0
85000	0
86000	0
87000	0
88000	0
89000	0
90000	2
91000	0
92000	0
93000	0
94000	0
95000	0
96000	0
97000	0
98000	0
99000	0
1e+05	0
101000	0
102000	0
103000	0
104000	0
105000	0
106000	0
107000	0
108000	0
109000	0
110000	0
111000	0
112000	0
113000	0
114000	0
115000	0
116000	0
117000	0
118000	0
119000	0
120000	0
121000	0
122000	0
123000	0
124000	0
125000	0
126000	0
127000	0
128000	0
129000	0
130000	0
131000	0
132000	0
133000	0
134000	0
135000	0
136000	0
137000	0
138000	0
139000	0
140000	0
141000	0
142000	0
143000	0
144000	0
145000	0
146000	0
147000	0
148000	0
149000	0
150000	0
151000	0
152000	0
153000	0
154000	0
155000	0
156000	1
157000	0
158000	0
159000	0
160000	0
161000	0
162000	0
163000	0
164000	0
165000	0
166000	0
167000	0
168000	0
169000	0
170000	0
171000	0
172000	0
173000	1
174000	0
175000	0
176000	0
177000	0
178000	0
179000	0
180000	1
181000	1
182000	0
183000	1
184000	0
185000	0
186000	0
187000	2
188000	1
189000	5
190000	1
191000	0
192000	1
193000	0
194000	18
195000	1
196000	2
197000	1
198000	3
199000	0
2e+05	2
201000	3
202000	1
203000	1
204000	1
205000	0
206000	0
207000	0
208000	1
209000	1
210000	0
211000	1
212000	0
213000	0
214000	1
215000	1
216000	1
217000	1
218000	1
219000	1
220000	1
221000	2
222000	1
223000	0
224000	1
225000	2
226000	0
227000	1
228000	2
229000	1
230000	0
231000	0
232000	4
233000	0
234000	2
235000	2
236000	1
237000	4
238000	1
239000	1
240000	0
241000	1
242000	5
243000	1
244000	2
245000	3
246000	0
247000	3
248000	1
249000	1
250000	2
251000	0
252000	1
253000	2
254000	1
255000	1
256000	1
257000	0
258000	1
259000	0
260000	1
261000	3
262000	0
263000	0
264000	2
265000	1
266000	0
267000	0
268000	1
269000	1
270000	1
271000	0
272000	1
273000	0
274000	0
275000	1
276000	0
277000	0
278000	1
279000	1
280000	1
281000	1
282000	1
283000	2
284000	3
285000	1
286000	1
287000	3
288000	2
289000	1
290000	0
291000	2
292000	1
293000	2
294000	0
295000	1
296000	3
297000	2
298000	0
299000	1
3e+05	0
301000	0
302000	1
303000	1
304000	5
305000	7
306000	1
307000	1
308000	1
309000	0
310000	0
311000	0
312000	3
313000	1
314000	2
315000	0
316000	1
317000	1
318000	2
319000	0
320000	1
321000	0
322000	2
323000	0
324000	0
325000	0
326000	0
327000	3
328000	0
329000	4
330000	0
331000	0
332000	0
333000	1
334000	1
335000	0
336000	0
337000	1
338000	0
339000	0
340000	0
341000	7
342000	1
343000	0
344000	1
345000	1
346000	0
347000	2
348000	3
349000	1
350000	1
351000	1
352000	0
353000	0
354000	2
355000	1
356000	0
357000	1
358000	3
359000	3
360000	5
361000	1
362000	4
363000	3
364000	2
365000	1
366000	1
367000	2
368000	2
369000	2
370000	2
371000	4
372000	0
373000	2
374000	1
375000	3
376000	2
377000	2
378000	2
379000	0
380000	1
381000	3
382000	0
383000	1
384000	1
385000	0
386000	5
387000	0
388000	0
389000	3
390000	2
391000	0
392000	1
393000	2
394000	1
395000	0
396000	0
397000	0
398000	0
399000	2
4e+05	1
401000	1
402000	3
403000	7
404000	1
405000	3
406000	0
407000	0
408000	2
409000	0
410000	2
411000	0
412000	3
413000	1
414000	3
415000	0
416000	2
417000	1
418000	0
419000	3
420000	1
421000	2
422000	2
423000	3
424000	7
425000	0
426000	2
427000	0
428000	0
429000	0
430000	2
431000	0
432000	1
433000	2
434000	8
435000	3
436000	0
437000	1
438000	2
439000	2
440000	0
441000	1
442000	0
443000	3
444000	2
445000	0
446000	0
447000	0
448000	6
449000	1
450000	1
451000	1
452000	1
453000	1
454000	1
455000	1
456000	0
457000	0
458000	1
459000	1
460000	0
461000	0
462000	1
463000	1
464000	1
465000	1
466000	1
467000	1
468000	1
469000	2
470000	1
471000	1
472000	1
473000	0
474000	1
475000	1
476000	1
477000	0
478000	4
479000	0
480000	0
481000	0
482000	1
483000	0
484000	0
485000	1
486000	0
487000	0
488000	0
489000	1
490000	2
491000	2
492000	2
493000	1
494000	0
495000	0
496000	3
497000	3
498000	2
499000	0
5e+05	2
501000	0
502000	1
503000	1
504000	2
505000	0
506000	1
507000	1
508000	2
509000	3
510000	0
511000	1
512000	1
513000	1
514000	1
515000	0
516000	1
517000	0
518000	1
519000	2
520000	1
521000	1
522000	2
523000	2
524000	0
525000	2
526000	0
527000	0
528000	0
529000	1
530000	3
531000	0
532000	0
533000	0
534000	0
535000	1
536000	8
537000	0
538000	6
539000	0
540000	3
541000	1
542000	1
543000	4
544000	0
545000	0
546000	2
547000	2
548000	2
549000	2
550000	2
551000	0
552000	1
553000	1
554000	1
555000	2
556000	0
557000	0
558000	3
559000	3
560000	1
561000	0
562000	1
563000	0
564000	0
565000	1
566000	3
567000	2
568000	0
569000	3
570000	0
571000	1
572000	2
573000	0
574000	0
575000	1
576000	4
577000	0
578000	2
579000	1
580000	2
581000	0
582000	0
583000	1
584000	2
585000	1
586000	2
587000	2
588000	1
589000	1
590000	4
591000	1
592000	0
593000	2
594000	2
595000	2
596000	1
597000	1
598000	0
599000	0
6e+05	0
601000	0
602000	1
603000	2
604000	1
605000	1
606000	2
607000	2
608000	0
609000	1
610000	0
611000	1
612000	0
613000	0
614000	0
615000	0
616000	0
617000	0
618000	2
619000	0
620000	2
621000	0
622000	0
623000	0
624000	3
625000	3
626000	1
627000	1
628000	2
629000	0
630000	2
631000	2
632000	0
633000	0
634000	3
635000	2
636000	3
637000	3
638000	4
639000	1
640000	2
641000	0
642000	6
643000	4
644000	3
645000	4
646000	4
647000	1
648000	1
649000	4
650000	0
651000	6
652000	1
653000	2
654000	0
655000	0
656000	0
657000	0
658000	0
659000	0
660000	0
661000	0
662000	0
663000	0
664000	0
665000	0
666000	0
667000	0
668000	0
669000	0
670000	1
671000	0
672000	0
673000	0
674000	0
675000	0
676000	0
677000	1
678000	0
679000	0
680000	4
681000	2
682000	1
683000	4
684000	1
685000	2
686000	2
687000	3
688000	1
689000	2
690000	0
691000	0
692000	2
693000	1
694000	3
695000	1
696000	2
697000	1
698000	1
699000	1
7e+05	1
701000	0
702000	0
703000	0
704000	2
705000	0
706000	1
707000	1
708000	1
709000	0
710000	4
711000	0
712000	1
713000	0
714000	1
715000	2
716000	2
717000	1
718000	1
719000	1
720000	1
721000	0
722000	1
723000	1
724000	4
725000	0
726000	0
727000	1
728000	0
729000	0
730000	1
731000	1
732000	1
733000	1
734000	0
735000	3
736000	0
737000	0
738000	0
739000	0
740000	1
741000	1
742000	0
743000	3
744000	1
745000	0
746000	2
747000	0
748000	1
749000	3
750000	2
751000	2
752000	0
753000	0
754000	2
755000	1
756000	0
757000	2
758000	1
759000	1
760000	1
761000	0
762000	1
763000	2
764000	1
765000	0
766000	40
767000	48
768000	0
769000	0
770000	0
771000	0
772000	3
773000	0
774000	0
775000	1
776000	0
777000	3
778000	2
779000	1
780000	1
781000	0
782000	1
783000	0
784000	0
785000	1
786000	0
787000	1
788000	1
789000	1
790000	0
791000	0
792000	0
793000	0
794000	2
795000	0
796000	0
797000	0
798000	0
799000	0
8e+05	0
801000	0
802000	1
803000	0
804000	2
805000	0
806000	0
807000	1
808000	0
809000	0
810000	0
811000	1
812000	0
813000	0
814000	0
815000	0
816000	0
817000	0
818000	1
819000	0
820000	0
821000	0
822000	1
823000	1
824000	0
825000	3
826000	1
827000	0
828000	0
829000	0
830000	0
831000	0
832000	3
833000	2
834000	0
835000	0
836000	0
837000	5
838000	2
839000	2
840000	2
841000	0
842000	1
843000	1
844000	1
845000	5
846000	1
847000	0
848000	0
849000	0
850000	0
851000	0
852000	0
853000	0
854000	0
855000	0
856000	3
857000	4
858000	3
859000	3
860000	2
861000	2
862000	6
863000	3
864000	5
865000	5
866000	6
867000	6
868000	2
869000	9
870000	9
871000	9
872000	2
873000	2
874000	0
875000	3
876000	1
877000	5
878000	1
879000	1
880000	2
881000	1
882000	0
883000	0
884000	0
885000	0
886000	1
887000	1
888000	0
889000	0
890000	1
891000	0
892000	0
893000	0
894000	0
895000	0
896000	1
897000	0
898000	1
899000	0
9e+05	1
901000	1
902000	0
903000	1
904000	0
905000	1
906000	0
907000	1
908000	1
909000	1
910000	2
911000	0
912000	0
913000	1
914000	1
915000	0
916000	0
917000	0
918000	0
919000	0
920000	1
921000	0
922000	0
923000	1
924000	0
925000	0
926000	0
927000	2
928000	0
929000	0
930000	0
931000	0
932000	0
933000	1
934000	1
935000	0
936000	1
937000	0
938000	0
939000	1
940000	0
941000	0
942000	0
943000	0
944000	0
945000	1
946000	0
947000	0
948000	1
949000	1
950000	0
951000	1
952000	0
953000	0
954000	2
955000	0
956000	0
957000	1
958000	0
959000	0
960000	1
961000	0
962000	0
963000	0
964000	0
965000	0
966000	0
967000	0
968000	1
969000	0
970000	2
971000	0
972000	1
973000	0
974000	0
975000	1
976000	6
977000	3
978000	0
979000	2
980000	0
981000	0
982000	2
983000	2
984000	1
985000	2
986000	2
987000	3
988000	3
989000	1
990000	2
991000	0
992000	1
993000	1
994000	2
995000	3
996000	1
997000	1
998000	1
999000	1
1e+06	2
1001000	4
1002000	3
1003000	3
1004000	1
1005000	1
1006000	2
1007000	3
1008000	1
1009000	1
1010000	0
1011000	3
1012000	2
1013000	2
1014000	3
1015000	4
1016000	1
1017000	3
1018000	1
1019000	1
1020000	4
1021000	1
1022000	2
1023000	1
1024000	0
1025000	1
1026000	2
1027000	0
1028000	1
1029000	1
1030000	1
1031000	1
1032000	4
1033000	0
1034000	1
1035000	3
1036000	2
1037000	6
1038000	4
1039000	1
1040000	1
1041000	4
1042000	1
1043000	0
1044000	1
1045000	1
1046000	2
1047000	3
1048000	1
1049000	1
1050000	2
1051000	1
1052000	4
1053000	1
1054000	1
1055000	1
1056000	0
1057000	2
1058000	1
1059000	0
1060000	1
1061000	1
1062000	0
1063000	2
1064000	1
1065000	1
1066000	5
1067000	1
1068000	3
1069000	4
1070000	3
1071000	2
1072000	0
1073000	2
1074000	0
1075000	0
1076000	1
1077000	7
1078000	2
1079000	3
1080000	0
1081000	6
1082000	6
1083000	2
1084000	3
1085000	5
1086000	6
1087000	3
1088000	2
1089000	2
1090000	0
1091000	3
1092000	1
1093000	5
1094000	4
1095000	2
1096000	2
1097000	2
1098000	2
1099000	1
1100000	3
1101000	3
1102000	4
1103000	1
1104000	0
1105000	1
1106000	5
1107000	0
1108000	2
1109000	3
1110000	2
1111000	2
1112000	0
1113000	0
1114000	0
1115000	1
1116000	0
1117000	0
1118000	0
1119000	0
1120000	2
1121000	0
1122000	3
1123000	1
1124000	0
1125000	0
1126000	1
1127000	4
1128000	1
1129000	0
1130000	0
1131000	1
1132000	2
1133000	1
1134000	0
1135000	0
1136000	0
1137000	1
1138000	0
1139000	1
1140000	0
1141000	2
1142000	0
1143000	8
1144000	6
1145000	7
1146000	3
1147000	9
1148000	6
1149000	6
1150000	6
1151000	4
1152000	10
1153000	1
1154000	4
1155000	5
1156000	3
1157000	3
1158000	4
1159000	5
1160000	6
1161000	2
1162000	3
1163000	12
1164000	6
1165000	15
1166000	15
1167000	12
1168000	17
1169000	16
1170000	14
1171000	14
1172000	8
1173000	7
1174000	2
1175000	3
1176000	8
1177000	8
1178000	19
1179000	14
1180000	10
1181000	10
1182000	3
1183000	7
1184000	7
1185000	11
1186000	9
1187000	5
1188000	4
1189000	4
1190000	4
1191000	4
1192000	8
1193000	5
1194000	3
1195000	4
1196000	8
1197000	3
1198000	3
1199000	5
1200000	6
1201000	4
1202000	5
1203000	6
1204000	4
1205000	4
1206000	1
1207000	2
1208000	4
1209000	7
1210000	4
1211000	4
1212000	4
1213000	4
1214000	7
1215000	0
1216000	2
1217000	4
1218000	2
1219000	5
1220000	9
1221000	6
1222000	0
1223000	0
1224000	3
1225000	3
1226000	4
1227000	2
1228000	1
1229000	7
1230000	3
1231000	15
1232000	7
1233000	8
1234000	7
1235000	6
1236000	2
1237000	4
1238000	6
1239000	3
1240000	12
1241000	8
1242000	7
1243000	13
1244000	4
1245000	10
1246000	7
1247000	2
1248000	3
1249000	5
1250000	4
1251000	7
1252000	13
1253000	11
1254000	10
1255000	10
1256000	8
1257000	5
1258000	10
1259000	7
1260000	11
1261000	12
1262000	7
1263000	8
1264000	8
1265000	5
1266000	7
1267000	6
1268000	7
1269000	4
1270000	12
1271000	8
1272000	5
1273000	9
1274000	10
1275000	8
1276000	9
1277000	7
1278000	20
1279000	4
1280000	6
1281000	5
1282000	1
1283000	3
1284000	4
1285000	1
1286000	0
1287000	1
1288000	3
1289000	3
1290000	5
1291000	4
1292000	2
1293000	5
1294000	6
1295000	11
1296000	3
1297000	10
1298000	5
1299000	5
1300000	3
1301000	5
1302000	5
1303000	9
1304000	19
1305000	14
1306000	8
1307000	7
1308000	5
1309000	4
1310000	3
1311000	2
1312000	7
1313000	7
1314000	5
1315000	3
1316000	2
1317000	5
1318000	7
1319000	6
1320000	3
1321000	7
1322000	7
1323000	7
1324000	24
1325000	7
1326000	10
1327000	12
1328000	13
1329000	33
1330000	24
1331000	24
1332000	17
1333000	22
1334000	19
1335000	0
1336000	0
1337000	0
1338000	0
1339000	0
1340000	0
1341000	0
1342000	0
1343000	0
1344000	0
1345000	0
1346000	0
1347000	8
1348000	0
1349000	0
1350000	0
1351000	0
1352000	0
1353000	0
1354000	0
1355000	0
1356000	0
1357000	0
1358000	0
1359000	0
1360000	0
1361000	0
1362000	0
1363000	0
1364000	0
1365000	0
1366000	0
1367000	0
1368000	0
1369000	0
1370000	0
1371000	0
1372000	0
1373000	0
1374000	0
1375000	0
1376000	0
1377000	0
1378000	0
1379000	0
1380000	0
1381000	0
1382000	0
1383000	0
1384000	0
1385000	0
1386000	0
1387000	0
1388000	0
1389000	0
1390000	0
1391000	0
1392000	0
1393000	0
1394000	0
1395000	0
1396000	0
1397000	0
1398000	0
1399000	0
1400000	0
1401000	0
1402000	0
1403000	0
1404000	0
1405000	3
1406000	5
1407000	3
1408000	2
1409000	2
1410000	3
1411000	0
1412000	0
1413000	0
1414000	0
1415000	1
1416000	4
1417000	8
1418000	10
1419000	5
1420000	5
1421000	11
1422000	9
1423000	1
1424000	2
1425000	3
1426000	6
1427000	6
1428000	10
1429000	12
1430000	8
1431000	13
1432000	5
1433000	9
1434000	3
1435000	0
1436000	0
1437000	7
1438000	2
1439000	3
1440000	2
1441000	0
1442000	0
1443000	0
1444000	0
1445000	2
1446000	0
1447000	1
1448000	1
1449000	0
1450000	2
1451000	1
1452000	0
1453000	1
1454000	0
1455000	1
1456000	2
1457000	1
1458000	1
1459000	0
1460000	2
1461000	2
1462000	2
1463000	1
1464000	1
1465000	1
1466000	1
1467000	0
1468000	1
1469000	1
1470000	2
1471000	1
1472000	2
1473000	0
1474000	1
1475000	0
1476000	1
1477000	1
1478000	1
1479000	1
1480000	1
1481000	0
1482000	1
1483000	1
1484000	2
1485000	1
1486000	1
1487000	0
1488000	1
1489000	2
1490000	1
1491000	3
1492000	0
1493000	1
1494000	1
1495000	2
1496000	2
1497000	0
1498000	1
1499000	0
1500000	2
1501000	2
1502000	0
1503000	0
1504000	3
1505000	1
1506000	1
1507000	3
1508000	0
1509000	2
1510000	0
1511000	1
1512000	3
1513000	0
1514000	1
1515000	2
1516000	0
1517000	1
1518000	1
1519000	0
1520000	2
1521000	1
1522000	0
1523000	0
1524000	1
1525000	1
1526000	0
1527000	1
1528000	0
1529000	0
1530000	2
1531000	1
1532000	1
1533000	0
1534000	0
1535000	1
1536000	0
1537000	0
1538000	2
1539000	0
1540000	1
1541000	1
1542000	0
1543000	0
1544000	5
1545000	13
1546000	3
1547000	5
1548000	4
1549000	4
1550000	4
1551000	7
1552000	3
1553000	1
1554000	7
1555000	4
1556000	1
1557000	1
1558000	3
1559000	4
1560000	2
1561000	5
1562000	0
1563000	1
1564000	3
1565000	0
1566000	2
1567000	0
1568000	0
1569000	0
1570000	0
1571000	1
1572000	0
1573000	2
1574000	1
1575000	0
1576000	1
1577000	1
1578000	0
1579000	0
1580000	0
1581000	0
1582000	0
1583000	0
1584000	0
1585000	0
1586000	0
1587000	0
1588000	0
1589000	0
1590000	0
1591000	0
1592000	0
1593000	0
1594000	0
1595000	0
1596000	1
1597000	1
1598000	2
1599000	0
1600000	0
1601000	2
1602000	0
1603000	0
1604000	0
1605000	1
1606000	2
1607000	0
1608000	0
1609000	0
1610000	0
1611000	0
1612000	0
1613000	0
1614000	0
1615000	2
1616000	5
1617000	2
1618000	0
1619000	0
1620000	2
1621000	0
1622000	1
1623000	2
1624000	0
1625000	3
1626000	1
1627000	0
1628000	0
1629000	0
1630000	1
1631000	0
1632000	0
1633000	0
1634000	0
1635000	0
1636000	2
1637000	0
1638000	1
1639000	1
1640000	0
1641000	0
1642000	0
1643000	0
1644000	0
1645000	2
1646000	0
1647000	0
1648000	0
1649000	0
1650000	0
1651000	1
1652000	0
1653000	2
1654000	1
1655000	0
1656000	2
1657000	2
1658000	2
1659000	0
1660000	0
1661000	0
1662000	0
1663000	0
1664000	0
1665000	0
1666000	2
1667000	0
1668000	0
1669000	1
1670000	0
1671000	0
1672000	7
1673000	1
1674000	2
1675000	0
1676000	1
1677000	0
1678000	0
1679000	1
1680000	0
1681000	2
1682000	0
1683000	0
1684000	0
1685000	0
1686000	0
1687000	1
1688000	0
1689000	1
1690000	0
1691000	0
1692000	1
1693000	0
1694000	0
1695000	1
1696000	1
1697000	0
1698000	1
1699000	1
1700000	3
1701000	0
1702000	2
1703000	1
1704000	4
1705000	0
1706000	3
1707000	4
1708000	5
1709000	14
1710000	6
1711000	2
1712000	2
1713000	0
1714000	2
1715000	2
1716000	2
1717000	1
1718000	2
1719000	1
1720000	1
1721000	2
1722000	2
1723000	1
1724000	2
1725000	2
1726000	3
1727000	5
1728000	0
1729000	2
1730000	0
1731000	2
1732000	1
1733000	1
1734000	1
1735000	3
1736000	0
1737000	0
1738000	0
1739000	2
1740000	1
1741000	1
1742000	1
1743000	3
1744000	2
1745000	3
1746000	1
1747000	2
1748000	1
1749000	2
1750000	4
1751000	1
1752000	1
1753000	1
1754000	2
1755000	1
1756000	0
1757000	0
1758000	5
1759000	0
1760000	0
1761000	3
1762000	1
1763000	1
1764000	2
1765000	3
1766000	4
1767000	1
1768000	1
1769000	2
1770000	2
1771000	1
1772000	6
1773000	1
1774000	0
1775000	2
1776000	1
1777000	1
1778000	1
1779000	1
1780000	0
1781000	3
1782000	1
1783000	0
1784000	2
1785000	0
1786000	2
1787000	0
1788000	1
1789000	2
1790000	2
1791000	0
1792000	1
1793000	4
1794000	2
1795000	0
1796000	1
1797000	0
1798000	0
1799000	0
1800000	0
1801000	0
1802000	0
1803000	1
1804000	1
1805000	1
1806000	0
1807000	1
1808000	0
1809000	1
1810000	2
1811000	3
1812000	0
1813000	1
1814000	1
1815000	1
1816000	1
1817000	4
1818000	2
1819000	0
1820000	0
1821000	1
1822000	1
1823000	1
1824000	0
1825000	1
1826000	0
1827000	2
1828000	1
1829000	1
1830000	0
1831000	0
1832000	2
1833000	1
1834000	2
1835000	0
1836000	1
1837000	0
1838000	2
1839000	2
1840000	2
1841000	0
1842000	3
1843000	2
1844000	2
1845000	3
1846000	4
1847000	1
1848000	0
1849000	0
1850000	0
1851000	0
1852000	1
1853000	2
1854000	0
1855000	0
1856000	2
1857000	3
1858000	2
1859000	0
1860000	0
1861000	2
1862000	2
1863000	4
1864000	0
1865000	0
1866000	2
1867000	2
1868000	1
1869000	3
1870000	1
1871000	0
1872000	1
1873000	2
1874000	0
1875000	3
1876000	1
1877000	2
1878000	0
1879000	1
1880000	1
1881000	1
1882000	0
1883000	2
1884000	3
1885000	1
1886000	3
1887000	7
1888000	2
1889000	0
1890000	3
1891000	0
1892000	3
1893000	0
1894000	2
1895000	3
1896000	6
1897000	6
1898000	0
1899000	7
1900000	5
1901000	5
1902000	4
1903000	1
1904000	3
1905000	1
1906000	0
1907000	4
1908000	0
1909000	0
1910000	1
1911000	2
1912000	0
1913000	0
1914000	1
1915000	1
1916000	1
1917000	0
1918000	1
1919000	0
1920000	0
1921000	1
1922000	0
1923000	0
1924000	0
1925000	0
1926000	1
1927000	0
1928000	2
1929000	1
1930000	0
1931000	0
1932000	0
1933000	0
1934000	0
1935000	0
1936000	0
1937000	0
1938000	0
1939000	6
1940000	0
1941000	0
1942000	0
1943000	0
1944000	0
1945000	0
1946000	0
1947000	0
1948000	0
1949000	0
1950000	0
1951000	0
1952000	0
1953000	0
1954000	0
1955000	1
1956000	0
1957000	1
1958000	0
1959000	0
1960000	0
1961000	0
1962000	0
1963000	0
1964000	14
1965000	16
1966000	1
1967000	2
1968000	0
1969000	1
1970000	0
1971000	1
1972000	0
1973000	0
1974000	0
1975000	1
1976000	0
1977000	0
1978000	0
1979000	0
1980000	0
1981000	0
1982000	0
1983000	0
1984000	0
1985000	0
1986000	1
1987000	0
1988000	0
1989000	0
1990000	0
1991000	0
1992000	0
1993000	0
1994000	2
1995000	0
1996000	0
1997000	0
1998000	0
1999000	0
2e+06	0
2001000	0
2002000	1
2003000	0
2004000	0
2005000	0
2006000	0
2007000	0
2008000	0
2009000	0
2010000	1
2011000	0
2012000	0
2013000	0
2014000	0
2015000	0
2016000	0
2017000	0
2018000	0
2019000	0
2020000	0
2021000	0
2022000	0
2023000	0
2024000	0
2025000	0
2026000	0
2027000	0
2028000	0
2029000	0
2030000	0
2031000	0
2032000	0
2033000	0
2034000	0
2035000	0
2036000	0
2037000	0
2038000	0
2039000	1
2040000	0
2041000	0
2042000	0
2043000	0
2044000	1
2045000	1
2046000	0
2047000	0
2048000	0
2049000	0
2050000	0
2051000	0
2052000	0
2053000	0
2054000	1
2055000	1
2056000	1
2057000	0
2058000	0
2059000	0
2060000	0
2061000	2
2062000	0
2063000	0
2064000	0
2065000	0
2066000	0
2067000	0
2068000	2
2069000	1
2070000	0
2071000	0
2072000	1
2073000	0
2074000	1
2075000	0
2076000	0
2077000	1
2078000	0
2079000	0
2080000	0
2081000	0
2082000	0
2083000	0
2084000	0
2085000	0
2086000	0
2087000	0
2088000	0
2089000	1
2090000	0
2091000	0
2092000	0
2093000	0
2094000	0
2095000	0
2096000	0
2097000	0
2098000	0
2099000	0
2100000	0
2101000	0
2102000	0
2103000	0
2104000	0
2105000	0
2106000	0
2107000	0
2108000	0
2109000	0
2110000	0
2111000	0
2112000	1
2113000	0
2114000	0
2115000	0
2116000	0
2117000	0
2118000	0
2119000	0
2120000	0
2121000	0
2122000	0
2123000	0
2124000	0
2125000	0
2126000	0
2127000	0
2128000	0
2129000	0
2130000	1
2131000	0
2132000	0
2133000	0
2134000	2
2135000	0
2136000	0
2137000	0
2138000	0
2139000	0
2140000	1
2141000	29
2142000	5
2143000	0
2144000	0
2145000	0
2146000	0
2147000	0
2148000	0
2149000	1
2150000	0
2151000	0
2152000	0
2153000	0
2154000	0
2155000	0
2156000	0
2157000	0
2158000	0
2159000	0
2160000	0
2161000	0
2162000	1
2163000	0
2164000	0
2165000	0
2166000	0
2167000	0
2168000	0
2169000	0
2170000	0
2171000	0
2172000	0
2173000	0
2174000	0
2175000	1
2176000	1
2177000	0
2178000	0
2179000	2
2180000	0
2181000	0
2182000	0
2183000	0
2184000	0
2185000	0
2186000	3
2187000	0
2188000	2
2189000	0
2190000	1
2191000	0
2192000	0
2193000	0
2194000	0
2195000	2
2196000	0
2197000	0
2198000	0
2199000	0
2200000	1
2201000	0
2202000	1
2203000	0
2204000	3
2205000	0
2206000	1
2207000	2
2208000	0
2209000	0
2210000	0
2211000	2
2212000	1
2213000	1
2214000	3
2215000	3
2216000	2
2217000	0
2218000	2
2219000	3
2220000	4
2221000	6
2222000	3
2223000	12
2224000	12
2225000	6
2226000	6
2227000	1
2228000	4
2229000	3
2230000	2
2231000	1
2232000	2
2233000	3
2234000	1
2235000	0
2236000	0
2237000	0
2238000	4
2239000	0
2240000	0
2241000	0
2242000	0
2243000	0
2244000	0
2245000	0
2246000	0
2247000	0
2248000	0
2249000	0
2250000	0
2251000	0
2252000	0
2253000	0
2254000	0
2255000	2
2256000	0
2257000	0
2258000	0
2259000	0
2260000	0
2261000	0
2262000	0
2263000	0
2264000	0
2265000	0
2266000	1
2267000	1
2268000	0
2269000	0
2270000	0
2271000	0
2272000	0
2273000	0
2274000	0
2275000	0
2276000	0
2277000	0
2278000	0
2279000	0
2280000	0
2281000	0
2282000	0
2283000	0
2284000	0
2285000	0
2286000	0
2287000	0
2288000	1
2289000	0
2290000	1
2291000	0
2292000	0
2293000	0
2294000	1
2295000	0
2296000	0
2297000	0
2298000	0
2299000	0
2300000	0
2301000	0
2302000	0
2303000	0
2304000	0
2305000	0
2306000	0
2307000	0
2308000	0
2309000	0
2310000	0
2311000	0
2312000	0
2313000	0
2314000	0
2315000	0
2316000	0
2317000	0
2318000	0
2319000	18
2320000	0
2321000	0
2322000	0
2323000	0
2324000	0
2325000	0
2326000	0
2327000	0
2328000	0
2329000	0
2330000	0
2331000	0
2332000	0
2333000	0
2334000	0
2335000	0
2336000	0
2337000	0
2338000	0
2339000	0
2340000	0
2341000	0
2342000	0
2343000	0
2344000	0
2345000	0
2346000	0
2347000	0
2348000	0
2349000	0
2350000	0
2351000	0
2352000	0
2353000	0
2354000	0
2355000	1
2356000	0
2357000	0
2358000	0
2359000	0
2360000	0
2361000	0
2362000	0
2363000	0
2364000	0
2365000	0
2366000	0
2367000	0
2368000	0
2369000	0
2370000	0
2371000	0
2372000	0
2373000	0
2374000	0
2375000	0
2376000	0
2377000	0
2378000	0
2379000	0
2380000	0
2381000	0
2382000	0
2383000	0
2384000	4
2385000	3
2386000	0
2387000	0
2388000	0
2389000	0
2390000	0
2391000	0
2392000	0
2393000	1
2394000	0
2395000	0
2396000	1
2397000	1
2398000	2
2399000	2
2400000	1
2401000	1
2402000	2
2403000	1
2404000	1
2405000	0
2406000	0
2407000	0
2408000	0
2409000	0
2410000	0
2411000	0
2412000	0
2413000	0
2414000	0
2415000	0
2416000	0
2417000	0
2418000	0
2419000	1
2420000	0
2421000	0
2422000	1
2423000	0
2424000	0
2425000	0
2426000	8
2427000	0
2428000	1
2429000	0
2430000	1
2431000	0
2432000	0
2433000	0
2434000	0
2435000	0
2436000	0
2437000	0
2438000	0
2439000	0
2440000	0
2441000	0
2442000	0
2443000	0
2444000	0
2445000	0
2446000	0
2447000	0
2448000	0
2449000	0
2450000	0
2451000	0
2452000	0
2453000	0
2454000	2
2455000	1
2456000	0
2457000	0
2458000	0
2459000	0
2460000	1
2461000	0
2462000	0
2463000	0
2464000	0
2465000	1
2466000	0
2467000	0
2468000	0
2469000	0
2470000	0
2471000	0
2472000	1
2473000	0
2474000	0
2475000	0
2476000	0
2477000	1
2478000	0
2479000	0
2480000	0
2481000	0
2482000	0
2483000	0
2484000	0
2485000	0
2486000	0
2487000	2
2488000	0
2489000	0
2490000	0
2491000	0
2492000	0
2493000	0
2494000	0
2495000	0
2496000	0
2497000	0
2498000	0
2499000	1
2500000	0
2501000	7
2502000	0
2503000	0
2504000	1
2505000	0
2506000	0
2507000	0
2508000	1
2509000	1
2510000	0
2511000	0
2512000	1
2513000	1
2514000	0
2515000	0
2516000	0
2517000	0
2518000	0
2519000	0
2520000	0
2521000	0
2522000	0
2523000	0
2524000	0
2525000	0
2526000	0
2527000	0
2528000	0
2529000	0
2530000	0
2531000	1
2532000	0
2533000	0
2534000	0
2535000	0
2536000	0
2537000	0
2538000	0
2539000	0
2540000	0
2541000	0
2542000	0
2543000	0
2544000	0
2545000	0
2546000	0
2547000	1
2548000	0
2549000	0
2550000	0
2551000	0
2552000	0
2553000	0
2554000	0
2555000	0
2556000	0
2557000	0
2558000	0
2559000	0
2560000	0
2561000	0
2562000	0
2563000	1
2564000	0
2565000	0
2566000	0
2567000	0
2568000	0
2569000	0
2570000	0
2571000	0
2572000	0
2573000	0
2574000	0
2575000	0
2576000	0
2577000	1
2578000	0
2579000	0
2580000	0
2581000	0
2582000	0
2583000	0
2584000	0
2585000	0
2586000	0
2587000	0
2588000	1
2589000	0
2590000	0
2591000	0
2592000	0
2593000	0
2594000	0
2595000	0
2596000	0
2597000	0
2598000	0
2599000	0
2600000	0
2601000	2
2602000	0
2603000	0
2604000	0
2605000	1
2606000	0
2607000	0
2608000	0
2609000	0
2610000	0
2611000	0
2612000	0
2613000	1
2614000	0
2615000	0
2616000	0
2617000	0
2618000	0
2619000	0
2620000	0
2621000	0
2622000	0
2623000	18
2624000	0
2625000	0
2626000	0
2627000	0
2628000	0
2629000	0
2630000	0
2631000	0
2632000	0
2633000	2
2634000	1
2635000	0
2636000	0
2637000	0
2638000	0
2639000	0
2640000	38
2641000	0
2642000	0
2643000	0
2644000	0
2645000	0
2646000	0
2647000	0
2648000	0
2649000	0
2650000	0
2651000	0
2652000	0
2653000	0
2654000	0
2655000	0
2656000	0
2657000	0
2658000	0
2659000	0
2660000	0
2661000	0
2662000	0
2663000	0
2664000	0
2665000	0
2666000	0
2667000	0
2668000	2
2669000	0
2670000	0
2671000	0
2672000	0
2673000	0
2674000	0
2675000	0
2676000	0
2677000	1
2678000	0
2679000	0
2680000	0
2681000	0
2682000	0
2683000	0
2684000	0
2685000	0
2686000	0
2687000	0
2688000	0
2689000	0
2690000	0
2691000	0
2692000	0
2693000	0
2694000	0
2695000	0
2696000	0
2697000	0
2698000	0
2699000	0
2700000	0
2701000	0
2702000	0
2703000	0
2704000	0
2705000	0
2706000	0
2707000	0
2708000	0
2709000	0
2710000	0
2711000	0
2712000	0
2713000	0
2714000	0
2715000	0
2716000	0
2717000	0
2718000	0
2719000	0
2720000	0
2721000	0
2722000	0
2723000	0
2724000	0
2725000	0
2726000	0
2727000	0
2728000	1
2729000	0
2730000	0
2731000	0
2732000	0
2733000	0
2734000	0
2735000	1
2736000	0
2737000	0
2738000	0
2739000	0
2740000	0
2741000	0
2742000	1
2743000	0
2744000	0
2745000	0
2746000	0
2747000	0
2748000	0
2749000	0
2750000	0
2751000	0
2752000	0
2753000	0
2754000	0
2755000	0
2756000	0
2757000	1
2758000	0
2759000	0
2760000	3
2761000	0
2762000	0
2763000	1
2764000	0
2765000	0
2766000	0
2767000	0
2768000	0
2769000	0
2770000	0
2771000	0
2772000	0
2773000	0
2774000	0
2775000	0
2776000	0
2777000	0
2778000	1
2779000	0
2780000	0
2781000	0
2782000	0
2783000	5
2784000	0
2785000	0
2786000	0
2787000	0
2788000	0
2789000	0
2790000	0
2791000	0
2792000	0
2793000	0
2794000	0
2795000	0
2796000	0
2797000	0
2798000	0
2799000	0
2800000	0
2801000	0
2802000	0
2803000	0
2804000	0
2805000	0
2806000	0
2807000	0
2808000	0
2809000	0
2810000	0
2811000	0
2812000	0
2813000	0
2814000	0
2815000	0
2816000	0
2817000	0
2818000	0
2819000	0
2820000	0
2821000	0
2822000	0
2823000	0
2824000	0
2825000	0
2826000	0
2827000	0
2828000	0
2829000	0
2830000	0
2831000	0
2832000	0
2833000	0
2834000	0
2835000	0
2836000	0
2837000	0
2838000	0
2839000	0
2840000	0
2841000	8
2842000	0
2843000	0
2844000	0
2845000	0
2846000	0
2847000	0
2848000	0
2849000	0
2850000	0
2851000	0
2852000	0
2853000	12
2854000	18
2855000	10
2856000	7
2857000	10
2858000	6
2859000	6
2860000	5
2861000	6
2862000	8
2863000	8
2864000	9
2865000	6
2866000	7
2867000	6
2868000	4
2869000	1
2870000	7
2871000	7
2872000	8
2873000	6
2874000	6
2875000	5
2876000	8
2877000	6
2878000	2
2879000	6
2880000	3
2881000	0
2882000	3
2883000	2
2884000	2
2885000	0
2886000	0
2887000	0
2888000	2
2889000	1
2890000	2
2891000	0
2892000	8
2893000	9
2894000	3
2895000	3
2896000	2
2897000	4
2898000	9
2899000	6
2900000	1
2901000	7
2902000	4
2903000	5
2904000	11
2905000	9
2906000	9
2907000	3
2908000	22
2909000	13
2910000	15
2911000	10
2912000	5
2913000	0
2914000	0
2915000	9
2916000	0
2917000	0
2918000	0
2919000	0
2920000	0
2921000	0
2922000	1
2923000	3
2924000	11
2925000	8
2926000	3
2927000	2
2928000	2
2929000	1
2930000	1
2931000	3
2932000	1
2933000	2
2934000	0
2935000	3
2936000	1
2937000	0
2938000	0
2939000	1
2940000	2
2941000	0
2942000	1
2943000	0
2944000	3
2945000	5
2946000	1
2947000	1
2948000	1
2949000	1
2950000	2
2951000	1
2952000	0
2953000	2
2954000	0
2955000	0
2956000	1
2957000	1
2958000	4
2959000	0
2960000	0
2961000	3
2962000	1
2963000	3
2964000	1
2965000	1
2966000	0
2967000	2
2968000	0
2969000	0
2970000	1
2971000	2
2972000	1
2973000	1
2974000	4
2975000	1
2976000	0
2977000	3
2978000	1
2979000	0
2980000	0
2981000	1
2982000	0
2983000	1
2984000	2
2985000	1
2986000	0
2987000	0
2988000	0
2989000	1
2990000	1
2991000	1
2992000	5
2993000	0
2994000	2
2995000	0
2996000	0
2997000	0
2998000	0
2999000	0
3e+06	0
3001000	0
3002000	0
3003000	2
3004000	1
3005000	3
3006000	1
3007000	2
3008000	2
3009000	1
3010000	1
3011000	2
3012000	2
3013000	2
3014000	1
3015000	0
3016000	3
3017000	4
3018000	1
3019000	0
3020000	0
3021000	0
3022000	0
3023000	0
3024000	0
3025000	0
3026000	1
3027000	0
3028000	3
3029000	0
3030000	0
3031000	0
3032000	0
3033000	0
3034000	0
3035000	0
3036000	0
3037000	0
3038000	2
3039000	0
3040000	0
3041000	0
3042000	0
3043000	0
3044000	0
3045000	0
3046000	0
3047000	0
3048000	4
3049000	1
3050000	0
3051000	0
3052000	0
3053000	0
3054000	0
3055000	0
3056000	0
3057000	0
3058000	0
3059000	0
3060000	0
3061000	0
3062000	0
3063000	0
3064000	0
3065000	0
3066000	0
3067000	0
3068000	0
3069000	6
3070000	0
3071000	0
3072000	0
3073000	0
3074000	0
3075000	0
3076000	0
3077000	0
3078000	0
3079000	0
3080000	2
3081000	0
3082000	0
3083000	0
3084000	0
3085000	0
3086000	0
3087000	0
3088000	0
3089000	0
3090000	0
3091000	0
3092000	0
3093000	0
3094000	0
3095000	0
3096000	0
3097000	0
3098000	0
3099000	1
3100000	0
3101000	0
3102000	0
3103000	0
3104000	0
3105000	0
3106000	0
3107000	0
3108000	0
3109000	0
3110000	1
3111000	0
3112000	0
3113000	0
3114000	0
3115000	0
3116000	0
3117000	1
3118000	0
3119000	0
3120000	1
3121000	0
3122000	0
3123000	0
3124000	1
3125000	0
3126000	0
3127000	0
3128000	0
3129000	0
3130000	0
3131000	0
3132000	0
3133000	0
3134000	0
3135000	0
3136000	0
3137000	0
3138000	0
3139000	0
3140000	0
3141000	0
3142000	0
3143000	0
3144000	0
3145000	0
3146000	0
3147000	0
3148000	0
3149000	0
3150000	0
3151000	0
3152000	0
3153000	0
3154000	0
3155000	4
3156000	0
3157000	0
3158000	2
3159000	0
3160000	0
3161000	0
3162000	0
3163000	0
3164000	0
3165000	0
3166000	0
3167000	0
3168000	1
3169000	0
3170000	0
3171000	0
3172000	0
3173000	0
3174000	0
3175000	0
3176000	0
3177000	0
3178000	0
3179000	0
3180000	0
3181000	0
3182000	0
3183000	1
3184000	0
3185000	0
3186000	0
3187000	1
3188000	0
3189000	0
3190000	0
3191000	1
3192000	1
3193000	0
3194000	0
3195000	0
3196000	0
3197000	0
3198000	0
3199000	0
3200000	0
3201000	0
3202000	0
3203000	0
3204000	0
3205000	0
3206000	0
3207000	0
3208000	0
3209000	0
3210000	0
3211000	0
3212000	0
3213000	0
3214000	0
3215000	0
3216000	0
3217000	0
3218000	0
3219000	0
3220000	0
3221000	0
3222000	1
3223000	2
3224000	7
3225000	0
3226000	0
3227000	0
3228000	0
3229000	0
3230000	0
3231000	0
3232000	0
3233000	0
3234000	0
3235000	0
3236000	1
3237000	0
3238000	0
3239000	0
3240000	0
3241000	0
3242000	0
3243000	0
3244000	0
3245000	0
3246000	0
3247000	0
3248000	25
3249000	0
3250000	0
3251000	0
3252000	0
3253000	39
3254000	0
3255000	0
3256000	0
3257000	0
3258000	0
3259000	0
3260000	0
3261000	0
3262000	0
3263000	0
3264000	0
3265000	0
3266000	0
3267000	0
3268000	0
3269000	0
3270000	0
3271000	2
3272000	0
3273000	0
3274000	0
3275000	0
3276000	0
3277000	0
3278000	0
3279000	0
3280000	0
3281000	0
3282000	0
3283000	0
3284000	0
3285000	0
3286000	0
3287000	0
3288000	0
3289000	0
3290000	0
3291000	0
3292000	0
3293000	0
3294000	1
3295000	1
3296000	0
3297000	0
3298000	0
3299000	0
3300000	0
3301000	0
3302000	0
3303000	0
3304000	0
3305000	0
3306000	0
3307000	0
3308000	0
3309000	0
3310000	1
3311000	0
3312000	0
3313000	0
3314000	0
3315000	0
3316000	0
3317000	0
3318000	0
3319000	0
3320000	0
3321000	0
3322000	0
3323000	0
3324000	24
3325000	0
3326000	0
3327000	0
3328000	0
3329000	0
3330000	0
3331000	0
3332000	0
3333000	0
3334000	0
3335000	0
3336000	0
3337000	0
3338000	0
3339000	0
3340000	0
3341000	0
3342000	0
3343000	2
3344000	0
3345000	1
3346000	0
3347000	0
3348000	0
3349000	0
3350000	0
3351000	0
3352000	0
3353000	0
3354000	0
3355000	0
3356000	0
3357000	0
3358000	0
3359000	0
3360000	0
3361000	0
3362000	0
3363000	0
3364000	0
3365000	0
3366000	0
3367000	0
3368000	0
3369000	0
3370000	0
3371000	0
3372000	0
3373000	0
3374000	0
3375000	0
3376000	0
3377000	0
3378000	0
3379000	0
3380000	0
3381000	0
3382000	0
3383000	0
3384000	0
3385000	0
3386000	0
3387000	0
3388000	0
3389000	2
3390000	0
3391000	0
3392000	0
3393000	0
3394000	0
3395000	0
3396000	0
3397000	2
3398000	2
3399000	0
3400000	0
3401000	0
3402000	0
3403000	0
3404000	0
3405000	1
3406000	0
3407000	0
3408000	0
3409000	0
3410000	0
3411000	0
3412000	0
3413000	0
3414000	0
3415000	0
3416000	1
3417000	1
3418000	0
3419000	0
3420000	0
3421000	0
3422000	79
3423000	0
3424000	0
3425000	0
3426000	0
3427000	0
3428000	1
3429000	1
3430000	0
3431000	1
3432000	2
3433000	3
3434000	82
3435000	0
3436000	0
3437000	0
3438000	0
3439000	0
3440000	0
3441000	0
3442000	1
3443000	13
3444000	0
3445000	1
3446000	2
3447000	1
3448000	1
3449000	2
3450000	0
3451000	0
3452000	0
3453000	0
3454000	0
3455000	1
3456000	0
3457000	0
3458000	0
3459000	0
3460000	0
3461000	0
3462000	0
3463000	1
3464000	0
3465000	0
3466000	1
3467000	1
3468000	0
3469000	0
3470000	0
3471000	1
3472000	0
3473000	0
3474000	1
3475000	1
3476000	0
3477000	0
3478000	0
3479000	1
3480000	0
3481000	0
3482000	1
3483000	0
3484000	1
3485000	1
3486000	2
3487000	3
3488000	0
3489000	0
3490000	1
3491000	1
3492000	1
3493000	1
3494000	0
3495000	0
3496000	0
3497000	0
3498000	1
3499000	0
3500000	0
3501000	0
3502000	0
3503000	0
3504000	1
3505000	0
3506000	0
3507000	0
3508000	1
3509000	0
3510000	1
3511000	0
3512000	0
3513000	1
3514000	3
3515000	0
3516000	1
3517000	0
3518000	0
3519000	0
3520000	2
3521000	0
3522000	3
3523000	0
3524000	0
3525000	2
3526000	0
3527000	0
3528000	1
3529000	2
3530000	0
3531000	0
3532000	0
3533000	0
3534000	0
3535000	1
3536000	0
3537000	1
3538000	0
3539000	0
3540000	0
3541000	2
3542000	0
3543000	2
3544000	0
3545000	0
3546000	1
3547000	0
3548000	0
3549000	0
3550000	1
3551000	1
3552000	0
3553000	0
3554000	1
3555000	1
3556000	0
3557000	0
3558000	1
3559000	0
3560000	2
3561000	1
3562000	0
3563000	0
3564000	0
3565000	1
3566000	1
3567000	1
3568000	0
3569000	0
3570000	0
3571000	0
3572000	5
3573000	1
3574000	0
3575000	0
3576000	0
3577000	3
3578000	0
3579000	2
3580000	0
3581000	1
3582000	2
3583000	0
3584000	1
3585000	2
3586000	1
3587000	1
3588000	3
3589000	3
3590000	2
3591000	1
3592000	2
3593000	0
3594000	0
3595000	5
3596000	9
3597000	0
3598000	3
3599000	3
3600000	0
3601000	0
3602000	1
3603000	4
3604000	2
3605000	6
3606000	5
3607000	6
3608000	0
3609000	0
3610000	1
3611000	1
3612000	0
3613000	0
3614000	0
3615000	0
3616000	0
3617000	0
3618000	4
3619000	3
3620000	2
3621000	10
3622000	5
3623000	5
3624000	8
3625000	5
3626000	9
3627000	6
3628000	5
3629000	13
3630000	7
3631000	10
3632000	5
3633000	5
3634000	4
3635000	3
3636000	1
3637000	1
3638000	0
3639000	4
3640000	0
3641000	2
3642000	0
3643000	1
3644000	0
3645000	2
3646000	2
3647000	1
3648000	1
3649000	3
3650000	2
3651000	1
3652000	0
3653000	0
3654000	1
3655000	1
3656000	0
3657000	0
3658000	2
3659000	3
3660000	0
3661000	1
3662000	0
3663000	1
3664000	0
3665000	2
3666000	1
3667000	1
3668000	1
3669000	1
3670000	0
3671000	1
3672000	1
3673000	1
3674000	0
3675000	0
3676000	0
3677000	2
3678000	1
3679000	1
3680000	2
3681000	2
3682000	0
3683000	1
3684000	1
3685000	0
3686000	0
3687000	6
3688000	0
3689000	2
3690000	0
3691000	0
3692000	2
3693000	2
3694000	0
3695000	1
3696000	4
3697000	2
3698000	4
3699000	5
3700000	5
3701000	2
3702000	7
3703000	3
3704000	5
3705000	6
3706000	7
3707000	10
3708000	10
3709000	6
3710000	2
3711000	7
3712000	7
3713000	5
3714000	6
3715000	6
3716000	5
3717000	5
3718000	3
3719000	4
3720000	9
3721000	4
3722000	7
3723000	7
3724000	11
3725000	6
3726000	7
3727000	7
3728000	8
3729000	4
3730000	3
3731000	1
3732000	2
3733000	3
3734000	0
3735000	1
3736000	8
3737000	5
3738000	5
3739000	5
3740000	3
3741000	10
3742000	9
3743000	4
3744000	10
3745000	7
3746000	2
3747000	3
3748000	5
3749000	8
3750000	6
3751000	1
3752000	3
3753000	2
3754000	4
3755000	2
3756000	5
3757000	4
3758000	0
3759000	1
3760000	0
3761000	3
3762000	2
3763000	5
3764000	10
3765000	13
3766000	16
3767000	14
3768000	24
3769000	29
3770000	29
3771000	29
3772000	5
3773000	3
3774000	5
3775000	8
3776000	4
3777000	7
3778000	3
3779000	1
3780000	0
3781000	0
3782000	0
3783000	0
3784000	1
3785000	6
3786000	10
3787000	16
3788000	8
3789000	7
3790000	1
3791000	2
3792000	1
3793000	5
3794000	2
3795000	1
3796000	1
3797000	2
3798000	2
3799000	4
3800000	1
3801000	0
3802000	3
3803000	3
3804000	10
3805000	7
3806000	7
3807000	7
3808000	5
3809000	5
3810000	5
3811000	2
3812000	5
3813000	3
3814000	7
3815000	9
3816000	5
3817000	8
3818000	2
3819000	3
3820000	2
3821000	1
3822000	4
3823000	16
3824000	23
3825000	33
3826000	27
3827000	24
3828000	27
3829000	26
3830000	29
3831000	20
3832000	25
3833000	22
3834000	20
3835000	17
3836000	5
3837000	2
3838000	2
3839000	2
3840000	5
3841000	7
3842000	4
3843000	1
3844000	0
3845000	0
3846000	0
3847000	0
3848000	0
3849000	0
3850000	0
3851000	0
3852000	0
3853000	0
3854000	0
3855000	0
3856000	0
3857000	0
3858000	0
3859000	0
3860000	0
3861000	0
3862000	0
3863000	0
3864000	0
3865000	0
3866000	0
3867000	0
3868000	0
3869000	0
3870000	0
3871000	0
3872000	0
3873000	0
3874000	0
3875000	0
3876000	0
3877000	0
3878000	0
3879000	0
3880000	0
3881000	0
3882000	0
3883000	0
3884000	0
3885000	0
3886000	0
3887000	0
3888000	0
3889000	0
3890000	0
3891000	0
3892000	0
3893000	0
3894000	0
3895000	0
3896000	0
3897000	0
3898000	0
3899000	0
3900000	0
3901000	0
3902000	0
3903000	0
3904000	0
3905000	0
3906000	0
3907000	0
3908000	0
3909000	0
3910000	0
3911000	0
3912000	0
3913000	0
3914000	0
3915000	0
3916000	0
3917000	0
3918000	0
3919000	0
3920000	0
3921000	0
3922000	0
3923000	0
3924000	0
3925000	0
3926000	0
3927000	0
3928000	0
3929000	0
3930000	0
3931000	0
3932000	0
3933000	0
3934000	0
3935000	0
3936000	0
3937000	0
3938000	0
3939000	0
3940000	0
3941000	0
3942000	13
3943000	50
3944000	52
3945000	41
3946000	50
3947000	37
3948000	48
3949000	48
3950000	53
3951000	41
3952000	35
3953000	39
3954000	33
3955000	41
3956000	40
3957000	36
3958000	23
3959000	21
3960000	17
3961000	35
3962000	0
3963000	0
3964000	0
3965000	0
3966000	43
3967000	32
3968000	47
3969000	47
3970000	17
3971000	0
3972000	60
3973000	5
3974000	32
3975000	50
3976000	69
3977000	75
3978000	56
3979000	69
3980000	59
3981000	80
3982000	48
3983000	83
3984000	2
3985000	0
3986000	0
3987000	0
3988000	36
3989000	59
3990000	35
3991000	15
3992000	16
3993000	34
3994000	43
3995000	0
3996000	6
3997000	37
3998000	22
3999000	21
4e+06	24
4001000	27
4002000	61
4003000	44
4004000	0
4005000	0
4006000	17
4007000	43
4008000	0
4009000	0
4010000	0
4011000	0
4012000	0
4013000	12
4014000	40
4015000	34
4016000	40
4017000	44
4018000	52
4019000	40
4020000	45
4021000	43
4022000	45
4023000	0
4024000	9
4025000	5
4026000	4
4027000	2
4028000	4
4029000	15
4030000	22
4031000	23
4032000	34
4033000	21
4034000	29
4035000	19
4036000	31
4037000	16
4038000	27
4039000	24
4040000	34
4041000	24
4042000	31
4043000	37
4044000	27
4045000	29
4046000	27
4047000	10
4048000	12
4049000	1
4050000	0
4051000	0
4052000	0
4053000	2
4054000	0
4055000	0
4056000	0
4057000	0
4058000	1
4059000	0
4060000	2
4061000	2
4062000	1
4063000	1
4064000	1
4065000	0
4066000	1
4067000	0
4068000	0
4069000	0
4070000	1
4071000	0
4072000	1
4073000	0
4074000	0
4075000	0
4076000	0
4077000	1
4078000	1
4079000	1
4080000	1
4081000	0
4082000	0
4083000	0
4084000	0
4085000	1
4086000	0
4087000	0
4088000	1
4089000	0
4090000	1
4091000	0
4092000	1
4093000	0
4094000	0
4095000	0
4096000	0
4097000	0
4098000	0
4099000	0
4100000	0
4101000	1
4102000	1
4103000	0
4104000	0
4105000	0
4106000	0
4107000	3
4108000	3
4109000	4
4110000	3
4111000	5
4112000	4
4113000	11
4114000	1
4115000	1
4116000	3
4117000	4
4118000	1
4119000	2
4120000	1
4121000	0
4122000	0
4123000	3
4124000	0
4125000	2
4126000	0
4127000	0
4128000	0
4129000	0
4130000	2
4131000	4
4132000	15
4133000	6
4134000	10
4135000	5
4136000	10
4137000	9
4138000	4
4139000	8
4140000	4
4141000	5
4142000	11
4143000	5
4144000	11
4145000	3
4146000	2
4147000	2
4148000	3
4149000	3
4150000	3
4151000	3
4152000	3
4153000	1
4154000	2
4155000	2
4156000	2
4157000	0
4158000	3
4159000	2
4160000	0
4161000	13
4162000	10
4163000	6
4164000	0
4165000	1
4166000	0
4167000	3
4168000	1
4169000	11
4170000	1
4171000	0
4172000	1
4173000	1
4174000	0
4175000	0
4176000	0
4177000	0
4178000	1
4179000	0
4180000	0
4181000	0
4182000	0
4183000	0
4184000	0
4185000	0
4186000	0
4187000	0
4188000	0
4189000	0
4190000	0
4191000	0
4192000	0
4193000	1
4194000	0
4195000	0
4196000	0
4197000	1
4198000	0
4199000	0
4200000	0
4201000	0
4202000	0
4203000	1
4204000	0
4205000	0
4206000	0
4207000	0
4208000	0
4209000	1
4210000	0
4211000	0
4212000	0
4213000	0
4214000	0
4215000	0
4216000	0
4217000	0
4218000	0
4219000	0
4220000	0
4221000	0
4222000	0
4223000	0
4224000	0
4225000	0
4226000	1
4227000	3
4228000	0
4229000	0
4230000	1
4231000	0
4232000	0
4233000	0
4234000	1
4235000	0
4236000	0
4237000	0
4238000	0
4239000	0
4240000	0
4241000	0
4242000	0
4243000	0
4244000	1
4245000	0
4246000	0
4247000	0
4248000	8
4249000	0
4250000	0
4251000	0
4252000	0
4253000	0
4254000	0
4255000	0
4256000	1
4257000	0
4258000	1
4259000	0
4260000	0
4261000	1
